Sref = 0.057456 
Cref = 0.076000 
Bref = 0.756000 
X_cg = 0.225989 
Y_cg = -0.000013 
Z_cg = 0.003669 
Mach = 0.000000 
AoA = -5.000000, 15.000000 
Beta = 0.000000 
Vinf = 100.000000 
Rho = 0.002377 
ReCref = 10000000.000000 
ClMax = -1.000000 
MaxTurningAngle = -1.000000 
Symmetry = NO 
FarDist = -1.000000 
NumWakeNodes = 64 
WakeIters = 3 
NumberOfControlGroups = 0 
Preconditioner = Matrix 
Karman-Tsien Correction = N 
Stability Type = 1 
NumberOfQuadTrees = 1 
1 2 0.000000 
